(360,0) (380,0) (380,8) (360,8)
(0,14) (14,14) (14,26) (0,26)
(14,16) (36,16) (36,24) (14,24)
(42,16) (72,16) (72,24) (42,24)
(282,16) (292,16) (292,24) (282,24)
(320,16) (344,16) (344,24) (320,24)
(0,28) (14,28) (14,40) (0,40)
(42,30) (66,30) (66,38) (42,38)
(270,30) (292,30) (292,38) (270,38)
(318,30) (342,30) (342,38) (318,38)
(364,28) (390,28) (390,40) (364,40)
(14,32) (34,32) (34,40) (14,40)
(0,46) (30,46) (30,54) (0,54)
(48,46) (68,46) (68,54) (48,54)
(76,46) (100,46) (100,54) (76,54)
(100,44) (122,44) (122,56) (100,56)
(32,48) (46,48) (46,54) (32,54)
