(260,0) (280,0) (280,8) (260,8)
(360,0) (380,0) (380,8) (360,8)
(4,2) (22,2) (22,8) (4,8)
(38,2) (76,2) (76,8) (38,8)
(312,2) (326,2) (326,8) (312,8)
(0,16) (30,16) (30,26) (0,26)
(28,16) (56,16) (56,24) (28,24)
(276,28) (292,28) (292,36) (276,36)
(320,28) (344,28) (344,38) (320,38)
(370,28) (394,28) (394,38) (370,38)
(18,30) (38,30) (38,36) (18,36)
(16,42) (52,42) (52,50) (16,50)
(78,42) (144,42) (144,50) (78,50)
(54,44) (76,44) (76,50) (54,50)
(30,58) (50,58) (50,66) (30,66)
(320,58) (342,58) (342,66) (320,66)
(370,58) (388,58) (388,64) (370,64)
(0,72) (32,72) (32,80) (0,80)
(278,84) (292,84) (292,92) (278,92)
(328,84) (342,84) (342,92) (328,92)
(378,84) (394,84) (394,94) (378,94)
(18,86) (38,86) (38,92) (18,92)
(18,98) (52,98) (52,106) (18,106)
(30,114) (50,114) (50,122) (30,122)
(328,114) (344,114) (344,122) (328,122)
(0,128) (48,128) (48,136) (0,136)
(56,128) (96,128) (96,136) (56,136)
(98,128) (134,128) (134,136) (98,136)
(278,140) (292,140) (292,148) (278,148)
(320,140) (344,140) (344,150) (320,150)
(376,140) (392,140) (392,148) (376,148)
(18,142) (38,142) (38,148) (18,148)
(18,154) (52,154) (52,162) (18,162)
(328,154) (342,154) (342,162) (328,162)
(30,170) (50,170) (50,178) (30,178)
(0,184) (44,184) (44,192) (0,192)
(46,184) (64,184) (64,192) (46,192)
(4,198) (20,198) (20,206) (4,206)
(22,198) (40,198) (40,206) (22,206)
(270,198) (292,198) (292,204) (270,204)
(328,198) (342,198) (342,204) (328,204)
(0,212) (36,212) (36,220) (0,220)
(36,212) (56,212) (56,220) (36,220)
(328,212) (342,212) (342,220) (328,220)
(0,238) (14,238) (14,246) (0,246)
(28,238) (62,238) (62,246) (28,246)
(64,238) (82,238) (82,246) (64,246)
(260,238) (282,238) (282,246) (260,246)
(310,238) (332,238) (332,246) (310,246)
(360,238) (382,238) (382,246) (360,246)
(0,254) (30,254) (30,264) (0,264)
(28,254) (54,254) (54,262) (28,262)
(54,254) (76,254) (76,262) (54,262)
(78,254) (110,254) (110,262) (78,262)
(110,254) (148,254) (148,262) (110,262)
(18,266) (32,266) (32,276) (18,276)
(278,266) (294,266) (294,276) (278,276)
(320,266) (344,266) (344,276) (320,276)
(370,266) (394,266) (394,276) (370,276)
(328,280) (344,280) (344,290) (328,290)
(376,280) (392,280) (392,288) (376,288)
(50,282) (64,282) (64,290) (50,290)
(30,296) (50,296) (50,304) (30,304)
(0,310) (32,310) (32,318) (0,318)
(18,322) (32,322) (32,332) (18,332)
(326,322) (344,322) (344,332) (326,332)
(376,322) (392,322) (392,330) (376,330)
(18,336) (48,336) (48,344) (18,344)
(328,336) (344,336) (344,346) (328,346)
(378,336) (392,336) (392,344) (378,344)
(50,338) (64,338) (64,346) (50,346)
(30,352) (50,352) (50,360) (30,360)
(328,352) (342,352) (342,360) (328,360)
(0,366) (50,366) (50,374) (0,374)
(52,366) (96,366) (96,374) (52,374)
(98,366) (134,366) (134,374) (98,374)
(18,378) (32,378) (32,388) (18,388)
(276,378) (292,378) (292,386) (276,386)
(320,378) (344,378) (344,388) (320,388)
(370,378) (392,378) (392,386) (370,386)
(326,392) (342,392) (342,400) (326,400)
(50,394) (64,394) (64,402) (50,402)
(30,408) (50,408) (50,416) (30,416)
(0,422) (44,422) (44,430) (0,430)
(46,422) (64,422) (64,430) (46,430)
(270,422) (292,422) (292,430) (270,430)
(320,422) (344,422) (344,432) (320,432)
(0,436) (12,436) (12,444) (0,444)
(14,436) (32,436) (32,444) (14,444)
(274,436) (288,436) (288,444) (274,444)
(320,436) (342,436) (342,444) (320,444)
(4,450) (26,450) (26,458) (4,458)
(46,450) (66,450) (66,458) (46,458)
(328,450) (344,450) (344,460) (328,460)
(32,452) (46,452) (46,458) (32,458)
