(318,2) (360,2) (360,10) (318,10)
(0,16) (32,16) (32,24) (0,24)
(34,16) (74,16) (74,24) (34,24)
(328,28) (344,28) (344,38) (328,38)
(4,30) (20,30) (20,36) (4,36)
(0,38) (38,41) (37,50) (0,47)
(326,40) (344,40) (344,50) (326,50)
(40,42) (56,42) (56,48) (40,48)
(58,42) (90,42) (90,50) (58,50)
(94,42) (118,42) (118,50) (94,50)
(118,42) (152,42) (152,48) (118,48)
(0,54) (40,54) (40,62) (0,62)
(94,54) (110,54) (110,62) (94,62)
(110,54) (132,54) (132,62) (110,62)
(314,54) (342,54) (342,62) (314,62)
(364,54) (388,54) (388,62) (364,62)
(46,56) (92,56) (92,62) (46,62)
(0,68) (16,68) (16,76) (0,76)
(314,68) (344,68) (344,76) (314,76)
(364,68) (392,68) (392,76) (364,76)
(20,80) (72,80) (72,88) (20,88)
(72,80) (124,80) (124,88) (72,88)
(320,80) (342,80) (342,88) (320,88)
(364,80) (388,80) (388,88) (364,88)
(0,82) (18,82) (18,88) (0,88)
(0,94) (54,94) (54,102) (0,102)
(320,94) (342,94) (342,102) (320,102)
(54,96) (76,96) (76,102) (54,102)
(96,96) (140,96) (140,102) (96,102)
